# Created by Octave 4.2.2, Sun Aug 02 04:48:34 2020 -03 <fede@fede-Lenovo-ideapad-110-14IBR>
# name: num_eq
# type: matrix
# rows: 1
# columns: 114
 1 0 0 0 0 0 0 0 0 0 0 0 0 0 0 0 0 0 0 0 0 0 0 0 0 0 0 0 0 0 0 0 0 0 0 0 0 0 0 0 0 0 0 0 0 0 0 0 0 0 0 0 0 0 0 0 0 0 0 0 0 0 0 0 0 0 0 0 0 0 0 0 0 0 0 0 0 0 0 0 0 0 0 0 0 0 0 0 0 0 0 0 0 0 0 0 0 0 0 0 0 0 0 0 0 0 0 0 0 0 0 0 0 0


# name: den_eq
# type: complex matrix
# rows: 1
# columns: 114
 (0.6844651603752938,-1.290291760331965e-16) (0.1222941787507291,-2.305379153149458e-17) (-0.1193611074933388,1.770291530874688e-15) (0.7185807995701701,7.80558849978672e-15) (0.4246189854834718,7.80385978785724e-14) (-0.1033214086768405,2.919998207179705e-14) (0.2588661016067839,-1.585750868917166e-12) (0.33708999691417,1.156833483014783e-11) (-0.03535095404563214,-4.369430377520788e-11) (-0.1392024546556603,1.140913927526661e-10) (-0.1952962107224579,-1.49237642486291e-10) (-0.239056636205396,4.644735375896915e-11) (-0.2449007359881301,3.154547540394058e-10) (-0.4527337105399221,-8.202284943740099e-10) (-0.4607206997661225,-3.459708721341944e-11) (-0.2774912191849899,9.309366557865468e-10) (-0.2826672389597349,-5.080943799975676e-09) (-0.247071404972542,3.484206237071195e-09) (-0.1472897073191069,-5.093387563025882e-09) (-0.04273483653136034,-4.46942388705425e-09) (0.1298618455278208,4.084459414405889e-09) (0.1681379929768724,-1.176436292751291e-08) (0.1602228896584849,5.750830319257186e-09) (0.2618862939845989,-5.998146215154577e-09) (0.2894765013996726,-1.295229948628313e-10) (0.2508808624659488,2.552097928682043e-09) (0.2045926327563609,-3.25411069589943e-09) (0.1315001406500229,4.789285879301927e-09) (0.1130947102799031,-1.411331552672042e-09) (0.07686692972874977,2.59645064519204e-09) (-0.02335644571939021,-6.86393347028394e-11) (-0.05977292273712134,1.469464793360786e-09) (-0.06003495161168327,2.060771535751391e-10) (-0.0719804607543203,-2.234785314060217e-10) (-0.0678283746943735,1.338802701155035e-09) (-0.07848381012398843,-1.062219176584897e-09) (-0.05843569539204721,6.72052252559326e-10) (-0.008376053523002179,7.338222709743248e-11) (-0.004186342121287649,-4.506358631546361e-10) (-0.003525311717245958,3.999042626977373e-10) (0.01132909953523656,-1.04042161308132e-10) (0.01688411986997057,-2.519219745479338e-10) (0.02055735269386714,3.016946830026943e-10) (0.004010650616317872,-1.83579175621461e-10) (-0.01811967025167804,-8.743248320864852e-11) (-0.01628785489104523,2.199484300589839e-10) (-0.01997488368365279,-2.06447575864827e-10) (-0.03428429181680551,4.095574029491019e-11) (-0.03706418348405503,1.214759181426465e-10) (-0.03465280662625081,-1.746962597985356e-10) (-0.02226646884681453,9.910851724334722e-11) (-0.01073773127894155,4.044554127805376e-11) (-0.008494595051371533,-1.343569476903236e-10) (0.0009672762720513125,1.294344261504106e-10) (0.01516467312234352,-3.105181682459044e-11) (0.02072970077627655,-8.625091102663606e-11) (0.02152145096092636,1.440642695232525e-10) (0.02230037201390676,-1.129518266436836e-10) (0.02240365457237003,1.995752611254555e-11) (0.02098424690127492,7.215115001639402e-11) (0.01420278534266563,-1.087909375571225e-10) (0.00613472339618332,8.693836073851414e-11) (0.002695995450057783,-1.805423509390436e-11) (-0.0004899082041895324,-3.011116261976791e-11) (-0.004670301466541309,5.306771854127416e-11) (-0.007384375603444511,-2.40237514734467e-11) (-0.008303392291701277,-3.85653769863462e-12) (-0.006593391239335566,2.973945195405045e-11) (-0.004684469267237685,-1.905075184684743e-11) (-0.004173287765321291,-5.170176212123514e-12) (-0.002651824739329326,2.948081151425272e-11) (-0.0004995293537702806,-4.180233304583678e-11) (0.0008362878200698598,2.169451971583915e-11) (0.001317577710097716,-6.828749245164551e-12) (0.0008838211266732401,-2.589039768200614e-11) (0.0006401220459789545,2.617326130523321e-11) (0.0006993721252799477,-3.238058292653917e-11) (1.670957388153584e-05,1.288636050121931e-11) (-0.0008323740207895362,-6.775339218793261e-12) (-0.001231050892603005,-6.538758740958637e-12) (-0.001284029351711689,5.294910882733538e-12) (-0.00108239826826181,-9.107479448608424e-12) (-0.001004233496212503,4.233488295719285e-12) (-0.0008869292420572616,-6.230158655658779e-12) (-0.0004004540856399061,2.305836525606296e-12) (6.41838980969057e-05,-3.483689656394789e-12) (0.0003191168420230192,2.29643877207067e-13) (0.0004553836412153205,-7.43882364237372e-14) (0.0005210809596989704,-1.674341144429247e-12) (0.0006071532770787075,1.341884639472681e-12) (0.000582950370035401,-1.321256989832566e-12) (0.0004087231076704417,6.280652334405996e-13) (0.0002537459484336003,-3.020942009041858e-13) (0.0001551011324377824,-7.674952246390271e-15) (7.398932787952542e-05,6.155846678381311e-14) (-5.448529598833209e-06,-7.663610844049272e-14) (-7.655448614637069e-05,3.942080299290536e-14) (-9.243687725273589e-05,-1.92154921613439e-14) (-6.486350540941605e-05,6.009904809077791e-15) (-4.611213378348324e-05,-1.602127716835326e-15) (-3.489785808460753e-05,2.763177212699466e-16) (-2.026529767734877e-05,2.608626744981582e-17) (-1.962945696439448e-08,-1.650357375464037e-17) (1.445888745750526e-05,1.138240053662848e-17) (1.103268974727695e-05,-7.667892138105389e-19) (4.168393861210729e-06,2.384395563009978e-19) (-1.281768421132454e-06,8.749619096364684e-20) (-6.379204479184386e-07,-4.880214187309391e-21) (1.436184011045701e-07,5.190807237874293e-21) (-8.601266964754783e-08,8.405670381452807e-22) (1.355479616975253e-08,1.084153294120586e-22) (-1.490127082352574e-08,7.444621227798569e-24) (1.789101556818846e-09,-1.044985618251651e-24) (1.339178067638997e-09,3.063842867837481e-26)


