# Created by Octave 4.2.2, Thu Jul 30 13:48:17 2020 -03 <fede@fede-Lenovo-ideapad-110-14IBR>
# name: num_eq
# type: complex matrix
# rows: 1
# columns: 53
 (0.002322319569975272,-2.168404344971009e-19) (0.001847600637806395,-1.725148124568081e-19) (0.0005063920573009575,-3.141234204698287e-18) (-0.003235580504386206,-1.323188147971896e-16) (-0.002225838082615601,-1.712036321864801e-15) (-0.003999029257333793,-1.908839900357746e-14) (-0.007180551903573929,-1.540688168711711e-13) (-0.008624437625167606,-8.785740752893665e-13) (-0.009411420412076609,-3.755697481452671e-12) (-0.006323301736135926,-1.268872535566711e-11) (-0.003771715155411313,-3.511606666659138e-11) (-0.00691416397203615,-8.154753884451512e-11) (-0.002210403177555359,-1.621476998332311e-10) (0.006720518091339634,-2.851403325306046e-10) (0.008742361651332801,-4.818070834793845e-10) (0.01202488826413069,-9.184755147599724e-10) (0.007883284067128756,-2.167967591517836e-09) (0.009922703973555276,-5.612205874358112e-09) (0.01977679198165377,-1.370250875093864e-08) (0.006709765571876899,-2.959591738154702e-08) (-0.004797247844658787,-5.58394559163455e-08) (-0.003943727312354712,-9.238366492601694e-08) (-0.004877862348212409,-1.348869216109223e-07) (0.002511883986341135,-1.744981633454385e-07) (-0.005629706725024313,-1.999182328963791e-07) (-0.01394571822018966,-2.015924973132628e-07) (0.02090258355001247,-1.764524920650021e-07) (0.04179302342897276,-1.305307866782956e-07) (0.03832923647685494,-7.746998397628133e-08) (0.04932499519934219,-3.326560774951619e-08) (0.05077642400828629,-9.452070339474009e-09) (0.07750123018902313,-7.646972719945204e-09) (0.08304118429094696,-1.874674991166256e-08) (0.01205059701289459,-2.870131395113069e-08) (-0.007336745161434448,-2.787587443794956e-08) (-0.004558415747314394,-1.664393223279205e-08) (-0.05369420325945606,-2.647355682031719e-09) (-0.09109654189536218,6.748606635190152e-09) (-0.175420834836452,9.403619752043665e-09) (-0.1882427090069229,7.639627789170217e-09) (-0.102171355406325,4.698572564861264e-09) (-0.1589659768324632,2.412733834019731e-09) (-0.195594740489359,1.111219302867698e-09) (-0.1106669142710997,4.827882063180375e-10) (-0.03270769973110796,1.985460617920855e-10) (0.09313421061524281,7.364686254573354e-11) (0.07266618832517159,2.289232782140065e-11) (-0.04763983562266239,5.511230823527897e-12) (0.2527567556908564,9.489861102056243e-13) (0.5237362417197765,1.083301450173463e-13) (-0.08946092587603632,7.53284246738699e-15) (0.08896949332231743,6.517356296000334e-16) (1.000000000000001,-1.593766415045855e-16)


# name: den_eq
# type: complex matrix
# rows: 1
# columns: 166
 (0.00158954683690591,0) (0.00154862443147272,0) (0.0002953638875478718,3.176552694695453e-18) (-0.0007044707329498641,3.219526944274673e-17) (0.0003341065258469409,2.036412643396563e-16) (-0.001714736181363782,9.70148740063725e-16) (-0.00683794634114105,4.875859720450542e-15) (-0.008068480907191925,3.014261613659483e-14) (-0.009452084059771701,1.725875670360301e-13) (-0.01213298241036312,7.744202193569014e-13) (-0.01346022965005457,2.676628614531753e-12) (-0.01677969426742634,7.227083666215392e-12) (-0.0133443549877355,1.533343209282941e-11) (-0.004462837337213015,2.505796633839151e-11) (-0.004202275461189147,2.882790799288136e-11) (0.001238673480373535,1.390028880983529e-11) (0.01181913892410924,-2.929606031231109e-11) (0.01979909519003743,-9.060801290159686e-11) (0.03202869829633516,-1.24854751770068e-10) (0.02918417995998489,-5.478078786850595e-11) (0.02443272890554876,1.959808770702029e-10) (0.03644570205016907,6.45618792836122e-10) (0.03062702482021303,1.194676479562383e-09) (0.01614191895327645,1.593602340523192e-09) (0.008256341266269082,1.464561144969802e-09) (-0.003587348689084757,3.876062288734883e-10) (0.008351439193994963,-1.974566670183406e-09) (0.01205646728248814,-5.765729392072859e-09) (-0.009238008515209286,-1.087368337299306e-08) (0.01518520350512164,-1.690786791663986e-08) (0.04705058005347428,-2.319971431329291e-08) (0.05875915033312627,-2.884015479876982e-08) (0.07825520983293963,-3.277880407699299e-08) (0.0607524399900965,-3.397230748739582e-08) (0.07118747292799828,-3.154574154903762e-08) (0.1000114705228558,-2.495943540517503e-08) (0.02223583949722629,-1.418997284699798e-08) (-0.0475844823944849,1.194407753874343e-10) (-0.09269027468968571,1.663528454036394e-08) (-0.1712088087053217,3.348046351841794e-08) (-0.20919210558673,4.849544133241004e-08) (-0.3333460283886953,5.955529617293151e-08) (-0.4432017608021291,6.495982692334177e-08) (-0.3565779408702648,6.389063569078781e-08) (-0.3352446078211504,5.678633580357506e-08) (-0.3401352147006179,4.544641966400469e-08) (-0.2385073233191198,3.284077176347003e-08) (-0.1631692251334409,2.273955764711595e-08) (0.1730336686909173,1.918074594111852e-08) (0.5212860976300407,2.567595623026348e-08) (0.1301160074537067,4.422698160805431e-08) (0.4680117410642013,7.450322735862241e-08) (1.637149252839902,1.134672849632115e-07) (0.6594037762921532,1.553937550763471e-07) (0.2952639139181367,1.921577737095252e-07) (1.378295204498541,2.139773065156708e-07) (0.8928159018719515,2.108504894345746e-07) (0.06334661104430364,1.74429540612138e-07) (0.2725280175158087,9.969546720799448e-08) (0.1710170297201746,-1.384347197739281e-08) (-0.2904136191483866,-1.61205822581388e-07) (-0.5329016994354396,-3.312980173297873e-07) (-0.7944122360930916,-5.072749421171741e-07) (-0.7984924707163252,-6.683433936499358e-07) (-0.7143778956965461,-7.92415329003564e-07) (-0.9072725888773269,-8.587302513712728e-07) (-0.8196369378217823,-8.504199284375219e-07) (-0.5256719659264916,-7.572094633123594e-07) (-0.3696219371265951,-5.771448815461571e-07) (-0.1641042115218085,-3.159752822977478e-07) (-0.02046186264209857,1.444119977428727e-08) (0.1429929353683502,3.955370883175841e-07) (0.4036477898125288,7.994046483256611e-07) (0.4480205255694612,1.188182015694556e-06) (0.4129949308093179,1.517699950638818e-06) (0.4533884987281447,1.744154856777601e-06) (0.4158849101328402,1.833074754035364e-06) (0.3534824551255249,1.76954646232475e-06) (0.2431488230206712,1.564050611348219e-06) (0.09335659043466332,1.248033174749275e-06) (0.05528234168744921,8.621872751441256e-07) (0.01302285577135338,4.467852314367858e-07) (-0.08297745266449777,3.829043328283317e-08) (-0.1097553937885595,-3.312959006579283e-07) (-0.1070120141060571,-6.357759288564292e-07) (-0.0815510815697631,-8.561766062679285e-07) (-0.04105438832661999,-9.814766766931494e-07) (-0.04867284838252269,-1.009565117204009e-06) (-0.02254669733523874,-9.48229170887196e-07) (0.0310166859032299,-8.143022255208235e-07) (0.03237745914140029,-6.3052115516428e-07) (0.02432690516579753,-4.218877679677346e-07) (0.01198749825664322,-2.128825408277133e-07) (-0.003257942166667468,-2.507847037305666e-08) (-0.005570675312192274,1.253377358306341e-07) (-0.03448552449315252,2.293244816085454e-07) (-0.06742694508703675,2.850958951472608e-07) (-0.06695339234942406,2.969398631645586e-07) (-0.06539153790422914,2.737281754161881e-07) (-0.06537315742047325,2.273592404605484e-07) (-0.05740810154050118,1.707722407334675e-07) (-0.0473145150727876,1.157071348223533e-07) (-0.02057035258264209,7.102472634267789e-08) (0.003987635160241168,4.20244585537611e-08) (0.01198789788910308,3.04122637798057e-08) (0.02388744996581004,3.453061815893355e-08) (0.03863073997746749,4.99792690247216e-08) (0.04354682477728381,7.080305587443273e-08) (0.04118238353200433,9.090621387888329e-08) (0.03459208353607159,1.051398548366853e-07) (0.02814713822633352,1.099197809659162e-07) (0.02304077098884551,1.035916043476286e-07) (0.01251982547987232,8.659672465630561e-08) (0.001277547514903761,6.124058950379347e-08) (-0.003974468472623442,3.103029327180887e-08) (-0.007166573744122497,-1.180735694655263e-10) (-0.009397338799642765,-2.85121881123386e-08) (-0.0105685917137758,-5.114849348743794e-08) (-0.01049595766429239,-6.609677120541908e-08) (-0.007114605300915009,-7.272783217060146e-08) (-0.003698699004541638,-7.164349506823608e-08) (-0.002357628383230017,