# Created by Octave 4.2.2, Sun Aug 02 03:56:56 2020 -03 <fede@fede-Lenovo-ideapad-110-14IBR>
# name: h_eq
# type: matrix
# rows: 1
# columns: 113
 -8.948161162853728e-05 -0.0005921632409650777 -0.001404433052342678 -0.001005567643078888 0.003005910604054207 0.004386383295997833 0.002697431121497578 -0.001170457033645774 0.003291590102315076 0.001950961079074715 0.0009056437025987824 -0.005886670699015996 -0.01280822930156484 3.490766622522265e-05 -0.004345562278522905 -0.003400546841472249 -0.008663770695965424 -0.001765995100664864 0.01545115716159196 0.0145681603075637 0.001901623813355907 -0.006454110864859163 0.01081721070967986 -0.0003028348698559589 -0.003438214407454576 -0.04246252432744528 -0.03708456177213534 0.005666677170382123 -0.01747352203026455 -0.002741556342729994 -0.02641364429392946 0.02606820266416949 0.06945707762769968 0.04348671845070373 0.002120464443419296 0.0001973395990951173 0.04061942127066383 0.005000182585664406 -0.02169864751616098 -0.1406145984920329 -0.03120533311787645 0.03565241635186104 -0.01476514872438104 0.02770898665544247 -0.04230463594202628 0.2084943306624027 0.243700182664631 0.1165005893739763 -0.01011312531158132 0.0302284407492386 0.1347054978812544 -0.03707682397852639 -0.3603938826427074 -0.9672055597894695 0.1428735479843347 0.08576344133910323 2.207649629394532 0.08576344133910323 0.1428735479843347 -0.9672055597894695 -0.3603938826427074 -0.03707682397852639 0.1347054978812544 0.0302284407492386 -0.01011312531158132 0.1165005893739763 0.243700182664631 0.2084943306624027 -0.04230463594202629 0.02770898665544247 -0.01476514872438104 0.03565241635186104 -0.03120533311787645 -0.1406145984920329 -0.02169864751616098 0.005000182585664408 0.04061942127066383 0.0001973395990951172 0.002120464443419296 0.04348671845070373 0.06945707762769969 0.0260682026641695 -0.02641364429392946 -0.002741556342729993 -0.01747352203026455 0.005666677170382122 -0.03708456177213534 -0.04246252432744531 -0.00343821440745458 -0.0003028348698559588 0.01081721070967986 -0.006454110864859168 0.001901623813355907 0.01456816030756371 0.01545115716159196 -0.001765995100664863 -0.008663770695965427 -0.003400546841472252 -0.004345562278522906 3.490766622522264e-05 -0.01280822930156484 -0.005886670699015996 0.0009056437025987827 0.001950961079074717 0.003291590102315074 -0.001170457033645774 0.002697431121497579 0.004386383295997835 0.003005910604054209 -0.001005567643078889 -0.001404433052342678 -0.0005921632409650777 -8.948161162853728e-05


