# Created by Octave 4.2.2, Sun Aug 02 07:22:31 2020 -03 <fede@fede-Lenovo-ideapad-110-14IBR>
# name: num_notch_iir
# type: matrix
# rows: 1
# columns: 7
 0.9941014533122338 -5.950590885357597 14.85549127312286 -19.79800365630756 14.85549127312286 -5.950590885357597 0.9941014533122338


# name: den_notch_iir
# type: matrix
# rows: 1
# columns: 7
 1 -5.974120849881023 14.884835185235 -19.79796273854732 14.82612687168254 -5.927101838594419 0.9882233959526526


