# Created by Octave 4.2.2, Sat Aug 01 21:12:37 2020 -03 <fede@fede-Lenovo-ideapad-110-14IBR>
# name: numerador_f1
# type: matrix
# rows: 1
# columns: 5
 0.9986901178950124 -3.99299068508275 5.988601918438568 -3.992990685082751 0.9986901178950128


# name: denominador_f1
# type: matrix
# rows: 1
# columns: 5
 1 -3.995607573634887 5.988600202646699 -3.990373796530609 0.9973819515818885


# name: numerador_f2
# type: matrix
# rows: 1
# columns: 5
 0.9976632616899858 -3.985018129584933 5.974717692455432 -3.985018129584932 0.9976632616899853


# name: denominador_f2
# type: matrix
# rows: 1
# columns: 5
 1 -3.989679554478005 5.974712232102048 -3.98035670469186 0.9953319837333542


# name: numerador_f3
# type: matrix
# rows: 1
# columns: 5
 0.995526761251469 -3.961418210073892 5.931890385436109 -3.961418210073892 0.995526761251469


# name: denominador_f3
# type: matrix
# rows: 1
# columns: 5
 1 -3.970298300597196 5.931870375471108 -3.952538119550586 0.9910735324679389


